value  0 1 2 3 4 5 6 7 8 9 10 11 12 13 14 15 16 17 18 19 
father 0 1 2 3 4 5 6 7 8 9 10 11 12 13 14 15 16 17 18 19 

value  0 1 2 3 4 5 6 7 8 9 10 11 12 13 14 15 16 17 18 19 
father 0 7 2 3 4 5 6 7 8 9 10 11 12 13 14 15 16 17 18 19 

value  0 1 2 3 4 5 6 7 8 9 10 11 12 13 14 15 16 17 18 19 
father 0 7 2 3 4 5 6 7 8 9 10 11 12 13 0 15 16 17 18 19 

value  0 1 2 3 4 5 6 7 8 9 10 11 12 13 14 15 16 17 18 19 
father 0 7 2 3 4 5 6 7 8 4 10 11 12 13 0 15 16 17 18 19 

connect.
value  0 1 2 3 4 5 6 7 8 9 10 11 12 13 14 15 16 17 18 19 
father 0 7 4 3 4 5 6 7 8 4 10 11 12 13 0 15 16 17 18 19 

connect.
connect.
value  0 1 2 3 4 5 6 7 8 9 10 11 12 13 14 15 16 17 18 19 
father 0 7 4 3 4 5 6 11 8 4 10 11 12 13 0 15 16 17 18 19 

value  0 1 2 3 4 5 6 7 8 9 10 11 12 13 14 15 16 17 18 19 
father 0 7 4 3 4 5 6 11 8 4 10 11 12 13 0 4 16 17 18 19 

value  0 1 2 3 4 5 6 7 8 9 10 11 12 13 14 15 16 17 18 19 
father 0 7 4 3 4 5 6 11 8 4 10 16 12 13 0 4 16 17 18 19 

value  0 1 2 3 4 5 6 7 8 9 10 11 12 13 14 15 16 17 18 19 
father 0 7 4 3 4 5 6 11 8 4 10 16 12 13 0 4 4 17 18 19 

value  0 1 2 3 4 5 6 7 8 9 10 11 12 13 14 15 16 17 18 19 
father 0 7 4 3 13 5 6 11 8 4 10 16 12 13 0 4 4 17 18 19 

value  0 1 2 3 4 5 6 7 8 9 10 11 12 13 14 15 16 17 18 19 
father 0 7 4 3 13 5 6 11 8 4 10 16 13 13 0 4 4 17 18 19 

connect.
value  0 1 2 3 4 5 6 7 8 9 10 11 12 13 14 15 16 17 18 19 
father 0 7 4 3 13 5 6 11 8 4 10 16 13 13 0 4 4 17 13 19 

value  0 1 2 3 4 5 6 7 8 9 10 11 12 13 14 15 16 17 18 19 
father 0 7 4 3 13 5 6 11 8 4 10 16 13 6 0 4 4 17 13 19 

connect.
connect.
value  0 1 2 3 4 5 6 7 8 9 10 11 12 13 14 15 16 17 18 19 
father 0 7 4 3 13 5 19 11 8 4 10 16 13 6 0 4 4 17 13 19 

value  0 1 2 3 4 5 6 7 8 9 10 11 12 13 14 15 16 17 18 19 
father 0 7 4 3 13 5 19 11 8 4 10 16 13 6 0 4 4 17 13 0 

value  0 1 2 3 4 5 6 7 8 9 10 11 12 13 14 15 16 17 18 19 
father 0 7 4 0 13 5 19 11 8 4 10 16 13 6 0 4 4 17 13 0 

connect.
connect.
connect.
value  0 1 2 3 4 5 6 7 8 9 10 11 12 13 14 15 16 17 18 19 
father 8 7 4 0 13 5 19 11 8 4 10 16 13 6 0 4 4 17 13 0 

connect.
value  0 1 2 3 4 5 6 7 8 9 10 11 12 13 14 15 16 17 18 19 
father 8 7 4 0 13 5 19 11 17 4 10 16 13 6 0 4 4 17 13 0 

connect.
connect.
connect.
connect.
value  0 1 2 3 4 5 6 7 8 9 10 11 12 13 14 15 16 17 18 19 
father 8 7 4 0 13 5 19 11 17 4 17 16 13 6 0 4 4 17 13 0 

connect.
connect.
connect.
value  0 1 2 3 4 5 6 7 8 9 10 11 12 13 14 15 16 17 18 19 
father 8 7 4 0 13 5 19 11 17 4 17 16 13 6 0 4 4 5 13 0 

connect.
connect.
connect.
connect.
