value  0 1 2 3 4 5 6 7 8 9 10 11 12 13 14 15 16 17 18 19 
father 0 1 2 3 4 5 6 7 8 9 10 11 12 13 14 15 16 17 18 19 
weight 1 1 1 1 1 1 1 1 1 1 1 1 1 1 1 1 1 1 1 1 

value  0 1 2 3 4 5 6 7 8 9 10 11 12 13 14 15 16 17 18 19 
father 0 7 2 3 4 5 6 7 8 9 10 11 12 13 14 15 16 17 18 19 
weight 1 1 1 1 1 1 1 2 1 1 1 1 1 1 1 1 1 1 1 1 

value  0 1 2 3 4 5 6 7 8 9 10 11 12 13 14 15 16 17 18 19 
father 0 7 2 3 4 5 6 7 8 9 10 11 12 13 0 15 16 17 18 19 
weight 2 1 1 1 1 1 1 2 1 1 1 1 1 1 1 1 1 1 1 1 

value  0 1 2 3 4 5 6 7 8 9 10 11 12 13 14 15 16 17 18 19 
father 0 7 2 3 4 5 6 7 8 4 10 11 12 13 0 15 16 17 18 19 
weight 2 1 1 1 2 1 1 2 1 1 1 1 1 1 1 1 1 1 1 1 

connect.
value  0 1 2 3 4 5 6 7 8 9 10 11 12 13 14 15 16 17 18 19 
father 0 7 4 3 4 5 6 7 8 4 10 11 12 13 0 15 16 17 18 19 
weight 2 1 1 1 3 1 1 2 1 1 1 1 1 1 1 1 1 1 1 1 

connect.
connect.
value  0 1 2 3 4 5 6 7 8 9 10 11 12 13 14 15 16 17 18 19 
father 0 7 4 3 4 5 6 7 8 4 10 7 12 13 0 15 16 17 18 19 
weight 2 1 1 1 3 1 1 3 1 1 1 1 1 1 1 1 1 1 1 1 

value  0 1 2 3 4 5 6 7 8 9 10 11 12 13 14 15 16 17 18 19 
father 0 7 4 3 4 5 6 7 8 4 10 7 12 13 0 4 16 17 18 19 
weight 2 1 1 1 4 1 1 3 1 1 1 1 1 1 1 1 1 1 1 1 

value  0 1 2 3 4 5 6 7 8 9 10 11 12 13 14 15 16 17 18 19 
father 0 7 4 3 4 5 6 7 8 4 10 7 12 13 0 4 7 17 18 19 
weight 2 1 1 1 4 1 1 4 1 1 1 1 1 1 1 1 1 1 1 1 

value  0 1 2 3 4 5 6 7 8 9 10 11 12 13 14 15 16 17 18 19 
father 0 7 4 3 4 5 6 4 8 4 10 7 12 13 0 4 7 17 18 19 
weight 2 1 1 1 8 1 1 4 1 1 1 1 1 1 1 1 1 1 1 1 

value  0 1 2 3 4 5 6 7 8 9 10 11 12 13 14 15 16 17 18 19 
father 0 7 4 3 4 5 6 4 8 4 10 7 12 4 0 4 7 17 18 19 
weight 2 1 1 1 9 1 1 4 1 1 1 1 1 1 1 1 1 1 1 1 

value  0 1 2 3 4 5 6 7 8 9 10 11 12 13 14 15 16 17 18 19 
father 0 7 4 3 4 5 6 4 8 4 10 7 4 4 0 4 7 17 18 19 
weight 2 1 1 1 10 1 1 4 1 1 1 1 1 1 1 1 1 1 1 1 

connect.
value  0 1 2 3 4 5 6 7 8 9 10 11 12 13 14 15 16 17 18 19 
father 0 7 4 3 4 5 6 4 8 4 10 7 4 4 0 4 7 17 4 19 
weight 2 1 1 1 11 1 1 4 1 1 1 1 1 1 1 1 1 1 1 1 

value  0 1 2 3 4 5 6 7 8 9 10 11 12 13 14 15 16 17 18 19 
father 0 7 4 3 4 5 4 4 8 4 10 7 4 4 0 4 7 17 4 19 
weight 2 1 1 1 12 1 1 4 1 1 1 1 1 1 1 1 1 1 1 1 

connect.
connect.
value  0 1 2 3 4 5 6 7 8 9 10 11 12 13 14 15 16 17 18 19 
father 0 7 4 3 4 5 4 4 8 4 10 7 4 4 0 4 7 17 4 4 
weight 2 1 1 1 13 1 1 4 1 1 1 1 1 1 1 1 1 1 1 1 

value  0 1 2 3 4 5 6 7 8 9 10 11 12 13 14 15 16 17 18 19 
father 4 7 4 3 4 5 4 4 8 4 10 7 4 4 0 4 7 17 4 4 
weight 2 1 1 1 15 1 1 4 1 1 1 1 1 1 1 1 1 1 1 1 

value  0 1 2 3 4 5 6 7 8 9 10 11 12 13 14 15 16 17 18 19 
father 4 7 4 4 4 5 4 4 8 4 10 7 4 4 0 4 7 17 4 4 
weight 2 1 1 1 16 1 1 4 1 1 1 1 1 1 1 1 1 1 1 1 

connect.
connect.
connect.
value  0 1 2 3 4 5 6 7 8 9 10 11 12 13 14 15 16 17 18 19 
father 4 7 4 4 4 5 4 4 4 4 10 7 4 4 0 4 7 17 4 4 
weight 2 1 1 1 17 1 1 4 1 1 1 1 1 1 1 1 1 1 1 1 

connect.
value  0 1 2 3 4 5 6 7 8 9 10 11 12 13 14 15 16 17 18 19 
father 4 7 4 4 4 5 4 4 4 4 10 7 4 4 0 4 7 4 4 4 
weight 2 1 1 1 18 1 1 4 1 1 1 1 1 1 1 1 1 1 1 1 

connect.
connect.
connect.
connect.
value  0 1 2 3 4 5 6 7 8 9 10 11 12 13 14 15 16 17 18 19 
father 4 7 4 4 4 5 4 4 4 4 4 7 4 4 0 4 7 4 4 4 
weight 2 1 1 1 19 1 1 4 1 1 1 1 1 1 1 1 1 1 1 1 

connect.
connect.
connect.
value  0 1 2 3 4 5 6 7 8 9 10 11 12 13 14 15 16 17 18 19 
father 4 7 4 4 4 4 4 4 4 4 4 7 4 4 0 4 7 4 4 4 
weight 2 1 1 1 20 1 1 4 1 1 1 1 1 1 1 1 1 1 1 1 

connect.
connect.
connect.
connect.
